    <hr/> 
    <br />
    <div>
    <span>
<?xml version="1.0" ?><svg width="32" height="32" viewBox="0 0 512 512" xmlns="http://www.w3.org/2000/svg"><g id="Medicine_pill"><path d="M428.1377,202.7671a30.5211,30.5211,0,0,1-15.834-26.7578V160.8022h8.5742a24.2913,24.2913,0,0,0,24.2637-24.2636V87.8853a24.2913,24.2913,0,0,0-24.2637-24.2637H243.3057A24.2913,24.2913,0,0,0,219.042,87.8853v48.6533a24.2913,24.2913,0,0,0,24.2637,24.2636H251.88v15.2071a30.5211,30.5211,0,0,1-15.834,26.7578,71.1637,71.1637,0,0,0-36.917,62.3867V407.5864a40.8377,40.8377,0,0,0,40.792,40.792H424.2627a40.8377,40.8377,0,0,0,40.792-40.792V265.1538A71.1637,71.1637,0,0,0,428.1377,202.7671ZM243.3057,75.6216h18.4209v27.4678a6,6,0,1,0,12,0V75.6216h30.206v27.4678a6,6,0,1,0,12,0V75.6216h30.2061v27.4678a6,6,0,1,0,12,0V75.6216h30.206v27.4678a6,6,0,1,0,12,0V75.6216h20.5332a12.2782,12.2782,0,0,1,12.2637,12.2637v42.1871h-202.1V87.8853A12.2781,12.2781,0,0,1,243.3057,75.6216Zm209.749,331.9648a28.8246,28.8246,0,0,1-28.792,28.792H239.9209a28.8246,28.8246,0,0,1-28.792-28.792V265.1538a59.1659,59.1659,0,0,1,30.6924-51.8682A42.519,42.519,0,0,0,263.88,176.0093V160.8022H400.3037v15.2071a42.5218,42.5218,0,0,0,22.0586,37.2773,59.1634,59.1634,0,0,1,30.6924,51.8672Z"/><path d="M395.6172,247.2192H268.5664a25.6513,25.6513,0,0,0-25.6221,25.6221V367.228A25.6513,25.6513,0,0,0,268.5664,392.85H395.6172a25.6513,25.6513,0,0,0,25.6221-25.6221V272.8413A25.6513,25.6513,0,0,0,395.6172,247.2192ZM409.2393,367.228A13.637,13.637,0,0,1,395.6172,380.85H268.5664a13.637,13.637,0,0,1-13.6221-13.6221V272.8413a13.637,13.637,0,0,1,13.6221-13.6221H395.6172a13.637,13.637,0,0,1,13.6221,13.6221Z"/><path d="M383.9878,274.6555H280.1958a9.0335,9.0335,0,0,0-9.0334,9.0333v73.0257a9.0334,9.0334,0,0,0,9.0334,9.0333h103.792a9.0334,9.0334,0,0,0,9.0334-9.0333V283.6888A9.0335,9.0335,0,0,0,383.9878,274.6555ZM349.02,325.9536H338.0918v10.9277a6,6,0,0,1-12,0V325.9536H315.1631a6,6,0,0,1,0-12h10.9287V303.0249a6,6,0,0,1,12,0v10.9287H349.02a6,6,0,0,1,0,12Z"/><path d="M110.335,224.56a53.37,53.37,0,0,0-53.31,53.3095V389.9253a53.31,53.31,0,1,0,106.6191,0V277.87A53.37,53.37,0,0,0,110.335,224.56Zm0,206.6748a41.3562,41.3562,0,0,1-41.31-41.31V336.66h82.6191v53.265A41.3562,41.3562,0,0,1,110.335,431.2349Z"/><path d="M110.335,64.0229a63.39,63.39,0,1,0,63.3906,63.3907A63.4618,63.4618,0,0,0,110.335,64.0229ZM59.3071,130.0724v-2.3609A51.673,51.673,0,0,1,78.8893,86.799a51.27,51.27,0,0,1,62.8919,0,51.6727,51.6727,0,0,1,19.5826,40.9128v2.3607Z"/></g></svg>
<h3>Medications</h3>    </span>


    <ul>
        {{ picolookup('rx_name_obj2', 'rx_desc_ptr.rx_name_obj') }}
    </ul>
    </div>

    